shape_id,shape_pt_lat,shape_pt_lon,shape_pt_sequence
B00170013,50.667529,4.560054,50021
B00200039,50.667811,4.594504,140058
B00310030,50.667811,4.594504,90058
B00310032,50.667811,4.594504,80058
B00620017,50.667930,4.278443,230011
B00620018,50.667930,4.278443,160018
B00690039,50.667930,4.278443,40018
B00690039,50.667987,4.278317,40017
B00690039,50.668067,4.278164,40016
B00690039,50.668146,4.278048,40015
B00690039,50.668181,4.277998,40014
B00690039,50.668281,4.277857,40013
B00690039,50.668418,4.277678,40012
B00690039,50.668492,4.277600,40011
B00690039,50.668585,4.277527,40010
B00690039,50.668667,4.277461,40009
B00690039,50.668750,4.277409,40008
B00690039,50.668768,4.277399,40007
B00690039,50.668912,4.277315,40006
B00690039,50.669093,4.277224,40005
B00690039,50.669299,4.277135,40004
B00690039,50.669401,4.277091,40003
B00690039,50.669771,4.276978,40002
B00690039,50.670066,4.276898,30011
B00690039,50.670066,4.276898,40001
B00690039,50.670349,4.276822,30010
B00690039,50.670380,4.276810,30009
B00690039,50.671874,4.276309,30008
B00690039,50.672461,4.276113,30007
B00690039,50.672932,4.275951,30006
B00690039,50.673060,4.275907,30005
B00690039,50.673119,4.275885,30004
B00690039,50.673397,4.275793,30003
B00690039,50.674841,4.275310,30002
B00690039,50.674923,4.275282,20006
B00690039,50.674923,4.275282,30001
B00690039,50.675203,4.275187,20005
B00690039,50.675457,4.275057,20004
B00690039,50.676276,4.274780,20003
B00690039,50.677278,4.274467,20002
B00690039,50.677980,4.274271,10010
B00690039,50.677980,4.274271,20001
B00690039,50.678789,4.274046,10009
B00690039,50.679207,4.273936,10008
B00690039,50.681050,4.273402,10007
B00690039,50.681218,4.273371,10006
B00690039,50.681531,4.273285,10005
B00690039,50.681832,4.273197,10004
B00690039,50.681960,4.273160,10003
B00690039,50.682159,4.273111,10002
B00690039,50.682221,4.273094,10001
B00690041,50.657476,4.305621,10001
B00690041,50.657602,4.305468,10002
B00690041,50.658165,4.304689,10003
B00690041,50.658426,4.304294,10004
B00690041,50.658598,4.304007,10005
B00690041,50.658646,4.303911,10006
B00690041,50.658808,4.303582,10007
B00690041,50.658985,4.303204,10008
B00690041,50.659027,4.303115,10009
B00690041,50.659198,4.302713,10010
B00690041,50.659520,4.301878,10011
B00690041,50.659636,4.301578,10012
B00690041,50.659724,4.301314,10013
B00690041,50.659772,4.301177,10014
B00690041,50.659923,4.300711,10015
B00690041,50.659956,4.300680,10016
B00690041,50.660048,4.300403,10017
B00690041,50.660123,4.300142,10018
B00690041,50.660147,4.300084,10019
B00690041,50.660175,4.300032,10020
B00690041,50.660210,4.299971,10021
B00690041,50.660247,4.299920,10022
B00690041,50.660314,4.299839,10023
B00690041,50.660339,4.299866,10024
B00690041,50.660377,4.299883,10025
B00690041,50.660419,4.299889,10026
B00690041,50.660451,4.299884,10027
B00690041,50.660499,4.299860,10028
B00690041,50.660529,4.299829,10029
B00690041,50.660573,4.299764,10030
B00690041,50.660592,4.299396,10037
B00690041,50.660594,4.299692,10031
B00690041,50.660601,4.299430,10036
B00690041,50.660604,4.299309,10038
B00690041,50.660606,4.299460,10035
B00690041,50.660606,4.299621,10032
B00690041,50.660609,4.299491,10034
B00690041,50.660609,4.299522,10033
B00690041,50.660613,4.299253,10039
B00690041,50.660622,4.299202,10040
B00690041,50.660633,4.299160,10041
B00690041,50.660648,4.299101,10042
B00690041,50.660733,4.298864,10043
B00690041,50.660753,4.298880,10044
B00690041,50.660769,4.298891,10045
B00690041,50.660794,4.298907,10046
B00690041,50.660828,4.298928,10047
B00690041,50.660902,4.298970,10048
B00690041,50.660943,4.298994,10049
B00690041,50.661199,4.299142,10050
B00690041,50.661994,4.299616,10051
B00690041,50.662502,4.299948,10052
B00690041,50.662785,4.300123,10053
B00690041,50.663042,4.300364,10054
B00690041,50.663222,4.300538,10055
B00690041,50.663670,4.300956,10056
B00690041,50.664353,4.301722,10057
B00690041,50.664932,4.302342,10058
B00690041,50.666266,4.303851,10059
B00690041,50.666439,4.304027,10060
B00690041,50.666526,4.304115,10061
B00690041,50.666536,4.304126,10062
B00690041,50.666634,4.304208,10063
B00690041,50.666769,4.304265,10064
B00690041,50.666918,4.304281,10065
B00690041,50.667192,4.304271,10066
B00690041,50.667439,4.304247,10067
B00690041,50.667464,4.304247,10068
B00690041,50.667855,4.304230,10069
B00690041,50.668494,4.304157,10070
B00690041,50.668959,4.304137,10071
B00690041,50.669358,4.304117,10072
B00690041,50.669358,4.304117,20001
B00690041,50.669517,4.304109,20002
B00690041,50.670065,4.304112,20003
B00690041,50.670548,4.304124,20004
B00690041,50.671005,4.304096,20005
B00690041,50.671143,4.304065,20006
B00690041,50.671335,4.304004,20007
B00690041,50.671546,4.303914,20008
B00690041,50.671736,4.303811,20009
B00690041,50.672006,4.303632,20010
B00690041,50.672314,4.303444,20011
B00690041,50.672340,4.303428,20012
B00690041,50.672983,4.302972,20013
B00690041,50.673198,4.302818,20014
B00690041,50.673269,4.302759,20015
B00690041,50.673423,4.302629,20016
B00690041,50.673892,4.302112,20017
B00690041,50.674192,4.301803,20018
B00690041,50.674423,4.301552,20019
B00690041,50.674613,4.301369,20020
B00690041,50.674868,4.301172,20021
B00690041,50.675181,4.300960,20022
B00690041,50.675476,4.300820,20023
B00690041,50.675697,4.300730,20024
B00690041,50.675755,4.300707,20025
B00690041,50.676066,4.300620,20026
B00690041,50.676183,4.300596,20027
B00690041,50.676959,4.300537,20028
B00690041,50.676983,4.300537,20029
B00690041,50.677021,4.300537,20030
B00690041,50.677074,4.300537,20031
B00690041,50.677217,4.300535,20032
B00690041,50.677288,4.300535,20033
B00690041,50.677650,4.300522,20034
B00690041,50.678243,4.300501,20035
B00690041,50.678243,4.300501,30001
B00690041,50.678858,4.300479,30002
B00690041,50.679536,4.300424,30003
B00690041,50.679681,4.300408,30004
B00690041,50.680059,4.300406,30005
B00690041,50.680245,4.300399,30006
B00690041,50.680515,4.300387,30007
B00690041,50.681106,4.300333,30008
B00690041,50.681236,4.300287,30009
B00690041,50.681290,4.300241,30010
B00690041,50.681452,4.300123,30011
B00690041,50.681552,4.300035,30012
B00690041,50.681622,4.299973,30013
B00690041,50.681655,4.296244,40003
B00690041,50.681655,4.296359,40002
B00690041,50.681672,4.296155,40004
B00690041,50.681693,4.296056,40005
B00690041,50.681695,4.299837,30014
B00690041,50.681714,4.296001,40006
B00690041,50.681748,4.297612,30023
B00690041,50.681748,4.297612,40001
B00690041,50.681761,4.299671,30015
B00690041,50.681765,4.297847,30022
B00690041,50.681767,4.295890,40007
B00690041,50.681798,4.299520,30016
B00690041,50.681824,4.298477,30021
B00690041,50.681835,4.299271,30017
B00690041,50.681853,4.298771,30020
B00690041,50.681857,4.298884,30019
B00690041,50.681857,4.299027,30018
B00690041,50.681947,4.295548,40008
B00690041,50.682221,4.273094,70009
B00690041,50.682254,4.295016,40009
B00690041,50.682310,4.273071,70008
B00690041,50.682431,4.289832,50019
B00690041,50.682435,4.290325,50018
B00690041,50.682452,4.290471,50017
B00690041,50.682465,4.289165,50020
B00690041,50.682468,4.290767,50016
B00690041,50.682492,4.294592,40010
B00690041,50.682519,4.288711,50021
B00690041,50.682542,4.288552,50022
B00690041,50.682554,4.291353,50015
B00690041,50.682576,4.291545,50014
B00690041,50.682589,4.273000,70007
B00690041,50.682598,4.294399,40011
B00690041,50.682626,4.288053,50023
B00690041,50.682680,4.292005,50013
B00690041,50.682737,4.294134,40012
B00690041,50.682748,4.292307,50012
B00690041,50.682765,4.294121,40013
B00690041,50.682768,4.294116,40014
B00690041,50.682768,4.294116,50001
B00690041,50.682797,4.272946,70006
B00690041,50.682819,4.294045,50002
B00690041,50.682820,4.292586,50011
B00690041,50.682826,4.286726,50024
B00690041,50.682871,4.293984,50003
B00690041,50.682891,4.292862,50010
B00690041,50.682928,4.293927,50004
B00690041,50.683021,4.293841,50005
B00690041,50.683029,4.285446,50025
B00690041,50.683029,4.293408,50009
B00690041,50.683062,4.285246,50026
B00690041,50.683068,4.293555,50008
B00690041,50.683090,4.293640,50007
B00690041,50.683120,4.293747,50006
B00690041,50.683135,4.272840,70005
B00690041,50.683212,4.284312,50027
B00690041,50.683281,4.283877,50028
B00690041,50.683281,4.283877,60001
B00690041,50.683502,4.274273,70004
B00690041,50.683561,4.282112,60002
B00690041,50.683570,4.274538,70003
B00690041,50.683790,4.280683,60003
B00690041,50.683879,4.275819,70002
B00690041,50.683911,4.279904,60004
B00690041,50.683949,4.276110,60014
B00690041,50.683949,4.276110,70001
B00690041,50.683980,4.276236,60013
B00690041,50.683990,4.276289,60012
B00690041,50.684015,4.279270,60005
B00690041,50.684055,4.278950,60006
B00690041,50.684066,4.277004,60011
B00690041,50.684094,4.278622,60007
B00690041,50.684103,4.277408,60010
B00690041,50.684108,4.278316,60008
B00690041,50.684119,4.278156,60009
B00690043,50.664048,4.290226,50011
B00690043,50.664181,4.289825,50010
B00690043,50.664526,4.288785,50009
B00690043,50.664992,4.287395,50008
B00690043,50.665258,4.286629,50007
B00690043,50.665695,4.285250,50006
B00690043,50.665744,4.285094,50005
B00690043,50.665857,4.284763,50004
B00690043,50.665994,4.284361,50003
B00690043,50.666159,4.283831,50002
B00690043,50.666237,4.283585,40027
B00690043,50.666237,4.283585,50001
B00690043,50.666333,4.283281,40026
B00690043,50.666378,4.283137,40025
B00690043,50.667141,4.280777,40024
B00690043,50.667343,4.280149,40023
B00690043,50.667436,4.279863,40022
B00690043,50.667665,4.279151,40021
B00690043,50.667787,4.278793,40020
B00690043,50.667848,4.278643,40019
B00690043,50.667930,4.278443,40018
B00690043,50.667987,4.278317,40017
B00690043,50.668067,4.278164,40016
B00690043,50.668146,4.278048,40015
B00690043,50.668181,4.277998,40014
B00690043,50.668281,4.277857,40013
B00690043,50.668418,4.277678,40012
B00690043,50.668492,4.277600,40011
B00690043,50.668585,4.277527,40010
B00690043,50.668667,4.277461,40009
B00690043,50.668750,4.277409,40008
B00690043,50.668768,4.277399,40007
B00690043,50.668912,4.277315,40006
B00690043,50.669093,4.277224,40005
B00690043,50.669299,4.277135,40004
B00690043,50.669401,4.277091,40003
B00690043,50.669771,4.276978,40002
B00690043,50.670066,4.276898,30011
B00690043,50.670066,4.276898,40001
B00690043,50.670349,4.276822,30010
B00690043,50.670380,4.276810,30009
B00690043,50.671874,4.276309,30008
B00690043,50.672461,4.276113,30007
B00690043,50.672932,4.275951,30006
B00690043,50.673060,4.275907,30005
B00690043,50.673119,4.275885,30004
B00690043,50.673397,4.275793,30003
B00690043,50.674841,4.275310,30002
B00690043,50.674923,4.275282,20006
B00690043,50.674923,4.275282,30001
B00690043,50.675203,4.275187,20005
B00690043,50.675457,4.275057,20004
B00690043,50.676276,4.274780,20003
B00690043,50.677278,4.274467,20002
B00690043,50.677980,4.274271,10010
B00690043,50.677980,4.274271,20001
B00690043,50.678789,4.274046,10009
B00690043,50.679207,4.273936,10008
B00690043,50.681050,4.273402,10007
B00690043,50.681218,4.273371,10006
B00690043,50.681531,4.273285,10005
B00690043,50.681832,4.273197,10004
B00690043,50.681960,4.273160,10003
B00690043,50.682159,4.273111,10002
B00690043,50.682221,4.273094,10001
B00690048,50.595300,4.328367,30018
B00690048,50.595326,4.328267,30019
B00690048,50.595361,4.328107,30020
B00690048,50.595397,4.327917,30021
B00690048,50.595416,4.327816,30022
B00690048,50.595450,4.328398,30017
B00690048,50.595460,4.327607,30023
B00690048,50.595575,4.327061,30024
B00690048,50.595640,4.326875,30025
B00690048,50.595640,4.326875,40001
B00690048,50.595668,4.326796,40002
B00690048,50.595892,4.326211,40003
B00690048,50.596060,4.325854,40004
B00690048,50.596225,4.328529,30016
B00690048,50.596226,4.325564,40005
B00690048,50.596304,4.325436,40006
B00690048,50.596380,4.328557,30015
B00690048,50.596440,4.325298,40007
B00690048,50.596523,4.325228,40008
B00690048,50.596558,4.328591,30014
B00690048,50.596592,4.325167,40009
B00690048,50.596880,4.324980,40010
B00690048,50.596969,4.323239,50006
B00690048,50.596984,4.323325,50005
B00690048,50.596995,4.323398,50004
B00690048,50.596996,4.322935,50018
B00690048,50.596999,4.323229,50007
B00690048,50.596999,4.324915,40011
B00690048,50.597020,4.323499,50003
B00690048,50.597021,4.323215,50008
B00690048,50.597024,4.322953,50017
B00690048,50.597035,4.323198,50009
B00690048,50.597038,4.323586,50002
B00690048,50.597042,4.322980,50016
B00690048,50.597049,4.323169,50010
B00690048,50.597055,4.323013,50015
B00690048,50.597056,4.323140,50011
B00690048,50.597063,4.323037,50014
B00690048,50.597063,4.323068,50013
B00690048,50.597063,4.323099,50012
B00690048,50.597082,4.323733,40038
B00690048,50.597082,4.323733,50001
B00690048,50.597091,4.324856,40012
B00690048,50.597097,4.323785,40037
B00690048,50.597116,4.322844,50019
B00690048,50.597146,4.319010,60006
B00690048,50.597155,4.319145,60005
B00690048,50.597177,4.319623,60004
B00690048,50.597186,4.324183,40036
B00690048,50.597195,4.319853,60003
B00690048,50.597195,4.324216,40035
B00690048,50.597213,4.320018,60002
B00690048,50.597218,4.320048,50049
B00690048,50.597218,4.320048,60001
B00690048,50.597222,4.322777,50020
B00690048,50.597228,4.324786,40013
B00690048,50.597237,4.324815,40014
B00690048,50.597252,4.320255,50048
B00690048,50.597252,4.324839,40015
B00690048,50.597277,4.328666,30013
B00690048,50.597284,4.324861,40016
B00690048,50.597303,4.324590,40034
B00690048,50.597310,4.324870,40017
B00690048,50.597311,4.318909,60007
B00690048,50.597317,4.324589,40033
B00690048,50.597341,4.324874,40018
B00690048,50.597344,4.324589,40032
B00690048,50.597353,4.318865,60008
B00690048,50.597355,4.328666,30012
B00690048,50.597364,4.324871,40019
B00690048,50.597366,4.320737,50047
B00690048,50.597367,4.324594,40031
B00690048,50.597374,4.322711,50021
B00690048,50.597388,4.324601,40030
B00690048,50.597394,4.324854,40020
B00690048,50.597404,4.324613,40029
B00690048,50.597411,4.324840,40021
B00690048,50.597424,4.324634,40028
B00690048,50.597426,4.324820,40022
B00690048,50.597436,4.324793,40023
B00690048,50.597438,4.324661,40027
B00690048,50.597443,4.324685,40026
B00690048,50.597444,4.324754,40024
B00690048,50.597445,4.324724,40025
B00690048,50.597458,4.328662,30011
B00690048,50.597589,4.328638,30010
B00690048,50.597598,4.322595,50022
B00690048,50.597606,4.322631,50023
B00690048,50.597622,4.322680,50024
B00690048,50.597635,4.322699,50025
B00690048,50.597639,4.318621,60009
B00690048,50.597660,4.322720,50026
B00690048,50.597661,4.322053,50046
B00690048,50.597694,4.322732,50027
B00690048,50.597707,4.322224,50045
B00690048,50.597710,4.322245,50044
B00690048,50.597715,4.322283,50043
B00690048,50.597716,4.328595,30009
B00690048,50.597719,4.322406,50041
B00690048,50.597720,4.322326,50042
B00690048,50.597729,4.322734,50028
B00690048,50.597740,4.322410,50040
B00690048,50.597747,4.322729,50029
B00690048,50.597767,4.322713,50030
B00690048,50.597768,4.322430,50039
B00690048,50.597789,4.322454,50038
B00690048,50.597789,4.322693,50031
B00690048,50.597806,4.322663,50032
B00690048,50.597809,4.322494,50037
B00690048,50.597811,4.322646,50033
B00690048,50.597819,4.322532,50036
B00690048,50.597820,4.322615,50034
B00690048,50.597824,4.322575,50035
B00690048,50.597879,4.328523,30008
B00690048,50.597961,4.328479,30007
B00690048,50.598101,4.318247,60010
B00690048,50.598150,4.328380,30006
B00690048,50.598321,4.328232,30005
B00690048,50.598425,4.328076,30004
B00690048,50.598662,4.327696,30003
B00690048,50.598738,4.327597,30002
B00690048,50.598802,4.327527,20024
B00690048,50.598802,4.327527,30001
B00690048,50.598869,4.317605,60011
B00690048,50.598876,4.327446,20023
B00690048,50.598951,4.327385,20022
B00690048,50.599044,4.327343,20021
B00690048,50.599173,4.327282,20020
B00690048,50.599238,4.327245,20019
B00690048,50.599343,4.317228,60012
B00690048,50.599343,4.317228,70001
B00690048,50.599356,4.317216,70002
B00690048,50.599520,4.317106,70003
B00690048,50.599646,4.317037,70004
B00690048,50.599798,4.316994,70005
B00690048,50.599903,4.316988,70006
B00690048,50.600029,4.316997,70007
B00690048,50.600055,4.326367,20018
B00690048,50.600156,4.326258,20017
B00690048,50.600166,4.317002,70008
B00690048,50.600219,4.326185,20016
B00690048,50.600299,4.326298,20015
B00690048,50.600368,4.326408,20014
B00690048,50.600374,4.327870,20009
B00690048,50.600380,4.327938,20008
B00690048,50.600385,4.317053,70009
B00690048,50.600388,4.328014,20007
B00690048,50.600409,4.334596,10001
B00690048,50.600411,4.328157,20006
B00690048,50.600412,4.326473,20013
B00690048,50.600434,4.326505,20012
B00690048,50.600458,4.326524,20011
B00690048,50.600483,4.326545,20010
B00690048,50.600579,4.334627,10002
B00690048,50.600601,4.329240,20005
B00690048,50.600627,4.334636,10003
B00690048,50.600644,4.334699,10004
B00690048,50.600674,4.334757,10005
B00690048,50.600676,4.334760,10006
B00690048,50.600678,4.334762,10007
B00690048,50.600708,4.334780,10008
B00690048,50.600732,4.329154,20004
B00690048,50.600768,4.334788,10009
B00690048,50.600796,4.334784,10010
B00690048,50.600822,4.334773,10011
B00690048,50.600840,4.334750,10012
B00690048,50.600844,4.330476,20002
B00690048,50.600868,4.334694,10013
B00690048,50.600870,4.334687,10015
B00690048,50.600870,4.334691,10014
B00690048,50.600875,4.334616,10016
B00690048,50.600885,4.317209,70010
B00690048,50.600956,4.334621,10017
B00690048,50.600997,4.330367,20003
B00690048,50.601061,4.317248,70011
B00690048,50.601093,4.331574,20001
B00690048,50.601101,4.331570,10035
B00690048,50.601113,4.334647,10018
B00690048,50.601115,4.331630,10034
B00690048,50.601219,4.332100,10033
B00690048,50.601242,4.317279,70012
B00690048,50.601272,4.334661,10019
B00690048,50.601384,4.334666,10020
B00690048,50.601392,4.332854,10032
B00690048,50.601393,4.317289,70013
B00690048,50.601429,4.333001,10031
B00690048,50.601472,4.334625,10021
B00690048,50.601531,4.334573,10022
B00690048,50.601542,4.317276,70014
B00690048,50.601567,4.334517,10023
B00690048,50.601600,4.334452,10024
B00690048,50.601606,4.333769,10030
B00690048,50.601610,4.333793,10029
B00690048,50.601625,4.334362,10025
B00690048,50.601641,4.333997,10028
B00690048,50.601644,4.334240,10026
B00690048,50.601653,4.334104,10027
B00690048,50.601683,4.317255,70015
B00690048,50.601755,4.317308,70016
B00690048,50.602019,4.317235,70017
B00690048,50.602019,4.317235,80001
B00690048,50.602199,4.317185,80002
B00690048,50.602309,4.317150,80003
B00690048,50.602341,4.317138,80004
B00690048,50.602713,4.317026,80005
B00690048,50.602773,4.316941,80006
B00690048,50.603605,4.316734,80007
B00690048,50.603738,4.316712,80008
B00690048,50.603832,4.316726,80009
B00690048,50.603864,4.316742,80010
B00690048,50.603977,4.316816,80011
B00690048,50.604507,4.317139,80012
B00690048,50.604636,4.317212,80013
B00690048,50.605390,4.317685,80014
B00690048,50.605462,4.317738,80015
B00690048,50.605563,4.317821,80016
B00690048,50.605686,4.317960,80017
B00690048,50.605936,4.318246,80018
B00690048,50.605936,4.318246,90001
B00690048,50.606094,4.318428,90002
B00690048,50.606462,4.318864,90003
B00690048,50.607710,4.320356,90004
B00690048,50.607737,4.320474,90005
B00690048,50.607814,4.320596,90006
B00690048,50.607920,4.320712,90007
B00690048,50.607997,4.320779,90008
B00690048,50.608091,4.320832,90009
B00690048,50.608149,4.320857,90010
B00690048,50.608257,4.320904,90011
B00690048,50.608357,4.320949,90012
B00690048,50.608470,4.320984,90013
B00690048,50.608516,4.320988,90014
B00690048,50.608534,4.320990,100001
B00690048,50.608534,4.320990,90015
B00690048,50.608630,4.320994,100002
B00690048,50.608900,4.321005,100003
B00690048,50.608947,4.320958,100004
B00690048,50.609294,4.320961,100005
B00690048,50.610844,4.320907,100006
B00690048,50.611169,4.320888,100007
B00690048,50.611409,4.320885,100008
B00690048,50.611671,4.320894,100009
B00690048,50.611876,4.320912,100010
B00690048,50.612030,4.320933,100011
B00690048,50.612173,4.320951,100012
B00690048,50.612601,4.320956,100013
B00690048,50.612621,4.320982,100014
B00690048,50.612662,4.320990,100015
B00690048,50.612827,4.321027,100016
B00690048,50.612827,4.321027,110001
B00690048,50.613051,4.321077,110002
B00690048,50.613069,4.321111,110003
B00690048,50.613092,4.321138,110004
B00690048,50.613119,4.321155,110005
B00690048,50.613131,4.321156,110006
B00690048,50.613153,4.321159,110007
B00690048,50.613177,4.321155,110008
B00690048,50.613204,4.321138,110009
B00690048,50.613228,4.321111,110010
B00690048,50.613246,4.321077,110011
B00690048,50.613256,4.321036,110012
B00690048,50.613258,4.321015,110013
B00690048,50.613602,4.320814,110014
B00690048,50.613673,4.320771,110015
B00690048,50.613698,4.320728,110016
B00690048,50.613783,4.320684,110017
B00690048,50.613818,4.320665,110018
B00690048,50.614014,4.320563,110019
B00690048,50.614272,4.320398,110020
B00690048,50.614561,4.320201,110021
B00690048,50.614716,4.320091,110022
B00690048,50.615041,4.319904,110023
B00690048,50.615169,4.319851,110024
B00690048,50.615380,4.319759,110025
B00690048,50.615624,4.319717,110026
B00690048,50.615758,4.319698,110027
B00690048,50.615896,4.319695,110028
B00690048,50.616100,4.319699,110029
B00690048,50.616285,4.319737,110030
B00690048,50.616415,4.319772,110031
B00690048,50.616633,4.319857,110032
B00690048,50.616844,4.319977,110033
B00690048,50.616844,4.319977,120001
B00690048,50.617471,4.320334,120002
B00690048,50.617827,4.320552,120003
B00690048,50.618166,4.320768,120004
B00690048,50.618671,4.321072,120005
B00690048,50.618759,4.321121,120006
B00690048,50.618953,4.321238,120007
B00690048,50.619087,4.321294,120008
B00690048,50.619179,4.321334,120009
B00690048,50.619461,4.321418,120010
B00690048,50.620001,4.321527,120011
B00690048,50.620054,4.321528,120012
B00690048,50.620254,4.321604,120013
B00690048,50.620505,4.321644,120014
B00690048,50.620706,4.321693,120015
B00690048,50.620711,4.321725,120016
B00690048,50.620719,4.321768,120017
B00690048,50.620746,4.321862,120018
B00690048,50.620793,4.321926,120019
B00690048,50.620806,4.321934,120020
B00690048,50.620847,4.321961,120021
B00690048,50.620888,4.321970,120022
B00690048,50.620941,4.321960,120023
B00690048,50.620993,4.321947,120024
B00690048,50.621019,4.321920,120025
B00690048,50.621034,4.321900,120026
B00690048,50.621052,4.321872,120027
B00690048,50.621067,4.321849,120028
B00690048,50.621081,4.321828,120029
B00690048,50.621097,4.321789,120030
B00690048,50.621243,4.321811,120031
B00690048,50.621570,4.321890,120032
B00690048,50.621657,4.321833,120033
B00690048,50.622726,4.322065,120034
B00690048,50.624982,4.322681,120035
B00690048,50.625144,4.322746,120036
B00690048,50.625216,4.322765,120037
B00690048,50.625216,4.322765,130001
B00690048,50.625589,4.322870,130002
B00690048,50.625601,4.322933,130003
B00690048,50.625621,4.323001,130004
B00690048,50.625643,4.323043,130005
B00690048,50.625653,4.323062,130006
B00690048,50.625704,4.323111,130007
B00690048,50.625733,4.323120,130008
B00690048,50.625791,4.323127,130009
B00690048,50.625837,4.323115,130010
B00690048,50.625879,4.323080,130011
B00690048,50.625894,4.323068,130012
B00690048,50.625903,4.323061,130013
B00690048,50.625921,4.323035,130014
B00690048,50.625926,4.323023,130015
B00690048,50.625935,4.323003,130016
B00690048,50.625951,4.322958,130017
B00690048,50.625967,4.322895,130018
B00690048,50.626084,4.322873,130019
B00690048,50.626356,4.322826,130020
B00690048,50.626487,4.322770,130021
B00690048,50.626886,4.322706,130022
B00690048,50.627290,4.322638,130023
B00690048,50.628055,4.322510,130024
B00690048,50.628410,4.322478,130025
B00690048,50.628607,4.322472,130026
B00690048,50.628738,4.322469,130027
B00690048,50.628889,4.322478,130028
B00690048,50.629113,4.322516,130029
B00690048,50.629322,4.322562,130030
B00690048,50.629567,4.322634,130031
B00690048,50.629670,4.322676,130032
B00690048,50.629670,4.322676,140001
B00690048,50.629732,4.322702,140002
B00690048,50.629860,4.322762,140003
B00690048,50.630507,4.323085,140004
B00690048,50.632052,4.323940,140005
B00690048,50.632295,4.324094,140006
B00690048,50.632428,4.324158,140007
B00690048,50.632521,4.324199,140008
B00690048,50.632703,4.324244,140009
B00690048,50.632846,4.324276,140010
B00690048,50.632890,4.324280,140011
B00690048,50.632964,4.324287,140012
B00690048,50.632994,4.324289,140013
B00690048,50.632994,4.324289,150001
B00690048,50.633105,4.324296,150002
B00690048,50.633406,4.324294,150003
B00690048,50.633596,4.324287,150004
B00690048,50.633655,4.324292,150005
B00690048,50.633722,4.324296,150006
B00690048,50.634913,4.324278,150007
B00690048,50.635007,4.324277,150008
B00690048,50.635101,4.324273,150009
B00690048,50.635160,4.324271,150010
B00690048,50.636081,4.324256,150011
B00690048,50.636273,4.324222,150012
B00690048,50.636427,4.324184,150013
B00690048,50.636604,4.324121,150014
B00690048,50.636784,4.324035,150015
B00690048,50.636947,4.323943,150016
B00690048,50.637085,4.323852,150017
B00690048,50.637183,4.323776,150018
B00690048,50.637314,4.323670,150019
B00690048,50.637415,4.323573,150020
B00690048,50.637522,4.323470,150021
B00690048,50.637589,4.323402,150022
B00690048,50.637712,4.323259,150023
B00690048,50.637745,4.323218,150024
B00690048,50.637865,4.323092,150025
B00690048,50.638027,4.322907,150026
B00690048,50.638448,4.322358,150027
B00690048,50.638912,4.321818,150028
B00690048,50.639057,4.321658,150029
B00690048,50.639353,4.321366,150030
B00690048,50.639545,4.321212,150031
B00690048,50.639979,4.320925,150032
B00690048,50.639979,4.320925,160001
B00690048,50.640473,4.320599,160002
B00690048,50.640601,4.320506,160003
B00690048,50.640799,4.320348,160004
B00690048,50.640918,4.320242,160005
B00690048,50.641256,4.319907,160006
B00690048,50.641426,4.319792,160007
B00690048,50.641776,4.319430,160008
B00690048,50.642278,4.318909,160009
B00690048,50.642357,4.318802,160010
B00690048,50.642457,4.318670,160011
B00690048,50.642591,4.318459,160012
B00690048,50.642730,4.318009,170003
B00690048,50.642773,4.318159,160013
B00690048,50.642773,4.318159,170004
B00690048,50.642784,4.317943,170002
B00690048,50.642864,4.318015,160014
B00690048,50.642864,4.318015,170005
B00690048,50.642907,4.317967,160015
B00690048,50.642907,4.317967,170006
B00690048,50.642927,4.317806,160022
B00690048,50.642927,4.317806,170001
B00690048,50.642947,4.317786,160021
B00690048,50.642986,4.317880,160016
B00690048,50.642986,4.317880,170007
B00690048,50.643032,4.317834,160017
B00690048,50.643032,4.317834,170008
B00690048,50.643078,4.317787,160018
B00690048,50.643078,4.317787,170009
B00690048,50.643146,4.317593,160020
B00690048,50.643197,4.317664,160019
B00690048,50.643197,4.317664,170010
B00690048,50.643425,4.317531,170011
B00690048,50.643550,4.317467,170012
B00690048,50.643642,4.317436,170013
B00690048,50.643710,4.317413,170014
B00690048,50.643753,4.317355,170015
B00690048,50.643971,4.317298,170016
B00690048,50.644023,4.317284,170017
B00690048,50.644205,4.317233,170018
B00690048,50.644544,4.317151,170019
B00690048,50.644824,4.317092,170020
B00690048,50.644880,4.317078,170021
B00690048,50.645025,4.317060,170022
B00690048,50.645075,4.317054,170023
B00690048,50.645075,4.317054,180001
B00690048,50.645591,4.316987,180002
B00690048,50.646029,4.316950,180003
B00690048,50.646484,4.316959,180004
B00690048,50.646848,4.316945,180005
B00690048,50.646921,4.316935,180006
B00690048,50.647209,4.316900,180007
B00690048,50.647484,4.316821,180008
B00690048,50.648432,4.316246,180009
B00690048,50.648888,4.315906,180010
B00690048,50.648956,4.315854,180011
B00690048,50.649292,4.315593,180012
B00690048,50.651037,4.314128,180013
B00690048,50.651275,4.313917,180014
B00690048,50.651629,4.313604,180015
B00690048,50.651950,4.313298,180016
B00690048,50.652466,4.312667,180017
B00690048,50.652628,4.312463,180018
B00690048,50.652792,4.312241,180019
B00690048,50.653216,4.311731,180020
B00690048,50.653643,4.311039,180021
B00690048,50.653997,4.310460,180022
B00690048,50.654283,4.310009,180023
B00690048,50.654483,4.309703,180024
B00690048,50.654894,4.309053,180025
B00690048,50.654921,4.309014,180026
B00690048,50.655089,4.308763,180027
B00690048,50.655371,4.308364,180028
B00690048,50.655489,4.308198,180029
B00690048,50.655527,4.308147,180030
B00690048,50.655716,4.307887,180031
B00690048,50.655926,4.307611,180032
B00690048,50.656997,4.306200,180033
B00690048,50.657476,4.305621,180034
B00690048,50.657476,4.305621,190001
B00690048,50.657602,4.305468,190002
B00690048,50.658165,4.304689,190003
B00690048,50.658426,4.304294,190004
B00690048,50.658598,4.304007,190005
B00690048,50.658646,4.303911,190006
B00690048,50.658808,4.303582,190007
B00690048,50.658985,4.303204,190008
B00690048,50.659027,4.303115,190009
B00690048,50.659198,4.302713,190010
B00690048,50.659520,4.301878,190011
B00690048,50.659636,4.301578,190012
B00690048,50.659724,4.301314,190013
B00690048,50.659772,4.301177,190014
B00690048,50.659923,4.300711,190015
B00690048,50.659956,4.300680,190016
B00690048,50.660048,4.300403,190017
B00690048,50.660123,4.300142,190018
B00690048,50.660147,4.300084,190019
B00690048,50.660175,4.300032,190020
B00690048,50.660210,4.299971,190021
B00690048,50.660247,4.299920,190022
B00690048,50.660314,4.299839,190023
B00690048,50.660339,4.299866,190024
B00690048,50.660377,4.299883,190025
B00690048,50.660419,4.299889,190026
B00690048,50.660451,4.299884,190027
B00690048,50.660499,4.299860,190028
B00690048,50.660529,4.299829,190029
B00690048,50.660573,4.299764,190030
B00690048,50.660592,4.299396,190037
B00690048,50.660594,4.299692,190031
B00690048,50.660601,4.299430,190036
B00690048,50.660604,4.299309,190038
B00690048,50.660606,4.299460,190035
B00690048,50.660606,4.299621,190032
B00690048,50.660609,4.299491,190034
B00690048,50.660609,4.299522,190033
B00690048,50.660613,4.299253,190039
B00690048,50.660622,4.299202,190040
B00690048,50.660633,4.299160,190041
B00690048,50.660648,4.299101,190042
B00690048,50.660733,4.298864,190043
B00690048,50.660753,4.298880,190044
B00690048,50.660769,4.298891,190045
B00690048,50.660794,4.298907,190046
B00690048,50.660828,4.298928,190047
B00690048,50.660902,4.298970,190048
B00690048,50.660943,4.298994,190049
B00690048,50.661199,4.299142,190050
B00690048,50.661994,4.299616,190051
B00690048,50.662502,4.299948,190052
B00690048,50.662785,4.300123,190053
B00690048,50.663042,4.300364,190054
B00690048,50.663222,4.300538,190055
B00690048,50.663670,4.300956,190056
B00690048,50.664353,4.301722,190057
B00690048,50.664932,4.302342,190058
B00690048,50.666266,4.303851,190059
B00690048,50.666439,4.304027,190060
B00690048,50.666526,4.304115,190061
B00690048,50.666536,4.304126,190062
B00690048,50.666634,4.304208,190063
B00690048,50.666769,4.304265,190064
B00690048,50.666918,4.304281,190065
B00690048,50.667192,4.304271,190066
B00690048,50.667439,4.304247,190067
B00690048,50.667464,4.304247,190068
B00690048,50.667855,4.304230,190069
B00690048,50.668494,4.304157,190070
B00690048,50.668959,4.304137,190071
B00690048,50.669358,4.304117,190072
B00690048,50.669358,4.304117,200001
B00690048,50.669517,4.304109,200002
B00690048,50.670065,4.304112,200003
B00690048,50.670548,4.304124,200004
B00690048,50.671005,4.304096,200005
B00690048,50.671143,4.304065,200006
B00690048,50.671335,4.304004,200007
B00690048,50.671546,4.303914,200008
B00690048,50.671736,4.303811,200009
B00690048,50.672006,4.303632,200010
B00690048,50.672314,4.303444,200011
B00690048,50.672340,4.303428,200012
B00690048,50.672983,4.302972,200013
B00690048,50.673198,4.302818,200014
B00690048,50.673269,4.302759,200015
B00690048,50.673423,4.302629,200016
B00690048,50.673892,4.302112,200017
B00690048,50.674192,4.301803,200018
B00690048,50.674423,4.301552,200019
B00690048,50.674613,4.301369,200020
B00690048,50.674868,4.301172,200021
B00690048,50.675181,4.300960,200022
B00690048,50.675476,4.300820,200023
B00690048,50.675697,4.300730,200024
B00690048,50.675755,4.300707,200025
B00690048,50.676066,4.300620,200026
B00690048,50.676183,4.300596,200027
B00690048,50.676959,4.300537,200028
B00690048,50.676983,4.300537,200029
B00690048,50.677021,4.300537,200030
B00690048,50.677074,4.300537,200031
B00690048,50.677217,4.300535,200032
B00690048,50.677288,4.300535,200033
B00690048,50.677650,4.300522,200034
B00690048,50.678243,4.300501,200035
B00690048,50.678243,4.300501,210001
B00690048,50.678858,4.300479,210002
B00690048,50.679536,4.300424,210003
B00690048,50.679681,4.300408,210004
B00690048,50.680059,4.300406,210005
B00690048,50.680245,4.300399,210006
B00690048,50.680515,4.300387,210007
B00690048,50.681106,4.300333,210008
B00690048,50.681236,4.300287,210009
B00690048,50.681290,4.300241,210010
B00690048,50.681452,4.300123,210011
B00690048,50.681552,4.300035,210012
B00690048,50.681622,4.299973,210013
B00690048,50.681655,4.296244,220003
B00690048,50.681655,4.296359,220002
B00690048,50.681672,4.296155,220004
B00690048,50.681693,4.296056,220005
B00690048,50.681695,4.299837,210014
B00690048,50.681714,4.296001,220006
B00690048,50.681748,4.297612,210023
B00690048,50.681748,4.297612,220001
B00690048,50.681761,4.299671,210015
B00690048,50.681765,4.297847,210022
B00690048,50.681767,4.295890,220007
B00690048,50.681798,4.299520,210016
B00690048,50.681824,4.298477,210021
B00690048,50.681835,4.299271,210017
B00690048,50.681853,4.298771,210020
B00690048,50.681857,4.298884,210019
B00690048,50.681857,4.299027,210018
B00690048,50.681947,4.295548,220008
B00690048,50.682221,4.273094,250009
B00690048,50.682254,4.295016,220009
B00690048,50.682310,4.273071,250008
B00690048,50.682431,4.289832,230019
B00690048,50.682435,4.290325,230018
B00690048,50.682452,4.290471,230017
B00690048,50.682465,4.289165,230020
B00690048,50.682468,4.290767,230016
B00690048,50.682492,4.294592,220010
B00690048,50.682519,4.288711,230021
B00690048,50.682542,4.288552,230022
B00690048,50.682554,4.291353,230015
B00690048,50.682576,4.291545,230014
B00690048,50.682589,4.273000,250007
B00690048,50.682598,4.294399,220011
B00690048,50.682626,4.288053,230023
B00690048,50.682680,4.292005,230013
B00690048,50.682737,4.294134,220012
B00690048,50.682748,4.292307,230012
B00690048,50.682765,4.294121,220013
B00690048,50.682768,4.294116,220014
B00690048,50.682768,4.294116,230001
B00690048,50.682797,4.272946,250006
B00690048,50.682819,4.294045,230002
B00690048,50.682820,4.292586,230011
B00690048,50.682826,4.286726,230024
B00690048,50.682871,4.293984,230003
B00690048,50.682891,4.292862,230010
B00690048,50.682928,4.293927,230004
B00690048,50.683021,4.293841,230005
B00690048,50.683029,4.285446,230025
B00690048,50.683029,4.293408,230009
B00690048,50.683062,4.285246,230026
B00690048,50.683068,4.293555,230008
B00690048,50.683090,4.293640,230007
B00690048,50.683120,4.293747,230006
B00690048,50.683135,4.272840,250005
B00690048,50.683212,4.284312,230027
B00690048,50.683281,4.283877,230028
B00690048,50.683281,4.283877,240001
B00690048,50.683502,4.274273,250004
B00690048,50.683561,4.282112,240002
B00690048,50.683570,4.274538,250003
B00690048,50.683790,4.280683,240003
B00690048,50.683879,4.275819,250002
B00690048,50.683911,4.279904,240004
B00690048,50.683949,4.276110,240014
B00690048,50.683949,4.276110,250001
B00690048,50.683980,4.276236,240013
B00690048,50.683990,4.276289,240012
B00690048,50.684015,4.279270,240005
B00690048,50.684055,4.278950,240006
B00690048,50.684066,4.277004,240011
B00690048,50.684094,4.278622,240007
B00690048,50.684103,4.277408,240010
B00690048,50.684108,4.278316,240008
B00690048,50.684119,4.278156,240009
B00690049,50.595300,4.328367,30018
B00690049,50.595326,4.328267,30019
B00690049,50.595361,4.328107,30020
B00690049,50.595397,4.327917,30021
B00690049,50.595416,4.327816,30022
B00690049,50.595450,4.328398,30017
B00690049,50.595460,4.327607,30023
B00690049,50.595575,4.327061,30024
B00690049,50.595640,4.326875,30025
B00690049,50.595640,4.326875,40001
B00690049,50.595668,4.326796,40002
B00690049,50.595892,4.326211,40003
B00690049,50.596060,4.325854,40004
B00690049,50.596225,4.328529,30016
B00690049,50.596226,4.325564,40005
B00690049,50.596304,4.325436,40006
B00690049,50.596380,4.328557,30015
B00690049,50.596440,4.325298,40007
B00690049,50.596523,4.325228,40008
B00690049,50.596558,4.328591,30014
B00690049,50.596592,4.325167,40009
B00690049,50.596880,4.324980,40010
B00690049,50.596969,4.323239,50006
B00690049,50.596984,4.323325,50005
B00690049,50.596995,4.323398,50004
B00690049,50.596996,4.322935,50018
B00690049,50.596999,4.323229,50007
B00690049,50.596999,4.324915,40011
B00690049,50.597020,4.323499,50003
B00690049,50.597021,4.323215,50008
B00690049,50.597024,4.322953,50017
B00690049,50.597035,4.323198,50009
B00690049,50.597038,4.323586,50002
B00690049,50.597042,4.322980,50016
B00690049,50.597049,4.323169,50010
B00690049,50.597055,4.323013,50015
B00690049,50.597056,4.323140,50011
B00690049,50.597063,4.323037,50014
B00690049,50.597063,4.323068,50013
B00690049,50.597063,4.323099,50012
B00690049,50.597082,4.323733,40038
B00690049,50.597082,4.323733,50001
B00690049,50.597091,4.324856,40012
B00690049,50.597097,4.323785,40037
B00690049,50.597116,4.322844,50019
B00690049,50.597146,4.319010,60006
B00690049,50.597155,4.319145,60005
B00690049,50.597177,4.319623,60004
B00690049,50.597186,4.324183,40036
B00690049,50.597195,4.319853,60003
B00690049,50.597195,4.324216,40035
B00690049,50.597213,4.320018,60002
B00690049,50.597218,4.320048,50049
B00690049,50.597218,4.320048,60001
B00690049,50.597222,4.322777,50020
B00690049,50.597228,4.324786,40013
B00690049,50.597237,4.324815,40014
B00690049,50.597252,4.320255,50048
B00690049,50.597252,4.324839,40015
B00690049,50.597277,4.328666,30013
B00690049,50.597284,4.324861,40016
B00690049,50.597303,4.324590,40034
B00690049,50.597310,4.324870,40017
B00690049,50.597311,4.318909,60007
B00690049,50.597317,4.324589,40033
B00690049,50.597341,4.324874,40018
B00690049,50.597344,4.324589,40032
B00690049,50.597353,4.318865,60008
B00690049,50.597355,4.328666,30012
B00690049,50.597364,4.324871,40019
B00690049,50.597366,4.320737,50047
B00690049,50.597367,4.324594,40031
B00690049,50.597374,4.322711,50021
B00690049,50.597388,4.324601,40030
B00690049,50.597394,4.324854,40020
B00690049,50.597404,4.324613,40029
B00690049,50.597411,4.324840,40021
B00690049,50.597424,4.324634,40028
B00690049,50.597426,4.324820,40022
B00690049,50.597436,4.324793,40023
B00690049,50.597438,4.324661,40027
B00690049,50.597443,4.324685,40026
B00690049,50.597444,4.324754,40024
B00690049,50.597445,4.324724,40025
B00690049,50.597458,4.328662,30011
B00690049,50.597589,4.328638,30010
B00690049,50.597598,4.322595,50022
B00690049,50.597606,4.322631,50023
B00690049,50.597622,4.322680,50024
B00690049,50.597635,4.322699,50025
B00690049,50.597639,4.318621,60009
B00690049,50.597660,4.322720,50026
B00690049,50.597661,4.322053,50046
B00690049,50.597694,4.322732,50027
B00690049,50.597707,4.322224,50045
B00690049,50.597710,4.322245,50044
B00690049,50.597715,4.322283,50043
B00690049,50.597716,4.328595,30009
B00690049,50.597719,4.322406,50041
B00690049,50.597720,4.322326,50042
B00690049,50.597729,4.322734,50028
B00690049,50.597740,4.322410,50040
B00690049,50.597747,4.322729,50029
B00690049,50.597767,4.322713,50030
B00690049,50.597768,4.322430,50039
B00690049,50.597789,4.322454,50038
B00690049,50.597789,4.322693,50031
B00690049,50.597806,4.322663,50032
B00690049,50.597809,4.322494,50037
B00690049,50.597811,4.322646,50033
B00690049,50.597819,4.322532,50036
B00690049,50.597820,4.322615,50034
B00690049,50.597824,4.322575,50035
B00690049,50.597879,4.328523,30008
B00690049,50.597961,4.328479,30007
B00690049,50.598101,4.318247,60010
B00690049,50.598150,4.328380,30006
B00690049,50.598321,4.328232,30005
B00690049,50.598425,4.328076,30004
B00690049,50.598662,4.327696,30003
B00690049,50.598738,4.327597,30002
B00690049,50.598802,4.327527,20024
B00690049,50.598802,4.327527,30001
B00690049,50.598869,4.317605,60011
B00690049,50.598876,4.327446,20023
B00690049,50.598951,4.327385,20022
B00690049,50.599044,4.327343,20021
B00690049,50.599173,4.327282,20020
B00690049,50.599238,4.327245,20019
B00690049,50.599343,4.317228,60012
B00690049,50.599343,4.317228,70001
B00690049,50.599356,4.317216,70002
B00690049,50.599520,4.317106,70003
B00690049,50.599646,4.317037,70004
B00690049,50.599798,4.316994,70005
B00690049,50.599903,4.316988,70006
B00690049,50.600029,4.316997,70007
B00690049,50.600055,4.326367,20018
B00690049,50.600156,4.326258,20017
B00690049,50.600166,4.317002,70008
B00690049,50.600219,4.326185,20016
B00690049,50.600299,4.326298,20015
B00690049,50.600368,4.326408,20014
B00690049,50.600374,4.327870,20009
B00690049,50.600380,4.327938,20008
B00690049,50.600385,4.317053,70009
B00690049,50.600388,4.328014,20007
B00690049,50.600409,4.334596,10001
B00690049,50.600411,4.328157,20006
B00690049,50.600412,4.326473,20013
B00690049,50.600434,4.326505,20012
B00690049,50.600458,4.326524,20011
B00690049,50.600483,4.326545,20010
B00690049,50.600579,4.334627,10002
B00690049,50.600601,4.329240,20005
B00690049,50.600627,4.334636,10003
B00690049,50.600644,4.334699,10004
B00690049,50.600674,4.334757,10005
B00690049,50.600676,4.334760,10006
B00690049,50.600678,4.334762,10007
B00690049,50.600708,4.334780,10008
B00690049,50.600732,4.329154,20004
B00690049,50.600768,4.334788,10009
B00690049,50.600796,4.334784,10010
B00690049,50.600822,4.334773,10011
B00690049,50.600840,4.334750,10012
B00690049,50.600844,4.330476,20002
B00690049,50.600868,4.334694,10013
B00690049,50.600870,4.334687,10015
B00690049,50.600870,4.334691,10014
B00690049,50.600875,4.334616,10016
B00690049,50.600885,4.317209,70010
B00690049,50.600956,4.334621,10017
B00690049,50.600997,4.330367,20003
B00690049,50.601061,4.317248,70011
B00690049,50.601093,4.331574,20001
B00690049,50.601101,4.331570,10035
B00690049,50.601113,4.334647,10018
B00690049,50.601115,4.331630,10034
B00690049,50.601219,4.332100,10033
B00690049,50.601242,4.317279,70012
B00690049,50.601272,4.334661,10019
B00690049,50.601384,4.334666,10020
B00690049,50.601392,4.332854,10032
B00690049,50.601393,4.317289,70013
B00690049,50.601429,4.333001,10031
B00690049,50.601472,4.334625,10021
B00690049,50.601531,4.334573,10022
B00690049,50.601542,4.317276,70014
B00690049,50.601567,4.334517,10023
B00690049,50.601600,4.334452,10024
B00690049,50.601606,4.333769,10030
B00690049,50.601610,4.333793,10029
B00690049,50.601625,4.334362,10025
B00690049,50.601641,4.333997,10028
B00690049,50.601644,4.334240,10026
B00690049,50.601653,4.334104,10027
B00690049,50.601683,4.317255,70015
B00690049,50.601755,4.317308,70016
B00690049,50.602019,4.317235,70017
B00690049,50.602019,4.317235,80001
B00690049,50.602199,4.317185,80002
B00690049,50.602309,4.317150,80003
B00690049,50.602341,4.317138,80004
B00690049,50.602713,4.317026,80005
B00690049,50.602773,4.316941,80006
B00690049,50.603605,4.316734,80007
B00690049,50.603738,4.316712,80008
B00690049,50.603832,4.316726,80009
B00690049,50.603864,4.316742,80010
B00690049,50.603977,4.316816,80011
B00690049,50.604507,4.317139,80012
B00690049,50.604636,4.317212,80013
B00690049,50.605390,4.317685,80014
B00690049,50.605462,4.317738,80015
B00690049,50.605563,4.317821,80016
B00690049,50.605686,4.317960,80017
B00690049,50.605936,4.318246,80018
B00690049,50.605936,4.318246,90001
B00690049,50.606094,4.318428,90002
B00690049,50.606462,4.318864,90003
B00690049,50.607710,4.320356,90004
B00690049,50.607737,4.320474,90005
B00690049,50.607814,4.320596,90006
B00690049,50.607920,4.320712,90007
B00690049,50.607997,4.320779,90008
B00690049,50.608091,4.320832,90009
B00690049,50.608149,4.320857,90010
B00690049,50.608257,4.320904,90011
B00690049,50.608357,4.320949,90012
B00690049,50.608470,4.320984,90013
B00690049,50.608516,4.320988,90014
B00690049,50.608534,4.320990,100001
B00690049,50.608534,4.320990,90015
B00690049,50.608630,4.320994,100002
B00690049,50.608900,4.321005,100003
B00690049,50.608947,4.320958,100004
B00690049,50.609294,4.320961,100005
B00690049,50.610844,4.320907,100006
B00690049,50.611169,4.320888,100007
B00690049,50.611409,4.320885,100008
B00690049,50.611671,4.320894,100009
B00690049,50.611876,4.320912,100010
B00690049,50.612030,4.320933,100011
B00690049,50.612173,4.320951,100012
B00690049,50.612601,4.320956,100013
B00690049,50.612621,4.320982,100014
B00690049,50.612662,4.320990,100015
B00690049,50.612827,4.321027,100016
B00690049,50.612827,4.321027,110001
B00690049,50.613051,4.321077,110002
B00690049,50.613069,4.321111,110003
B00690049,50.613092,4.321138,110004
B00690049,50.613119,4.321155,110005
B00690049,50.613131,4.321156,110006
B00690049,50.613153,4.321159,110007
B00690049,50.613177,4.321155,110008
B00690049,50.613204,4.321138,110009
B00690049,50.613228,4.321111,110010
B00690049,50.613246,4.321077,110011
B00690049,50.613256,4.321036,110012
B00690049,50.613258,4.321015,110013
B00690049,50.613602,4.320814,110014
B00690049,50.613673,4.320771,110015
B00690049,50.613698,4.320728,110016
B00690049,50.613783,4.320684,110017
B00690049,50.613818,4.320665,110018
B00690049,50.614014,4.320563,110019
B00690049,50.614272,4.320398,110020
B00690049,50.614561,4.320201,110021
B00690049,50.614716,4.320091,110022
B00690049,50.615041,4.319904,110023
B00690049,50.615169,4.319851,110024
B00690049,50.615380,4.319759,110025
B00690049,50.615624,4.319717,110026
B00690049,50.615758,4.319698,110027
B00690049,50.615896,4.319695,110028
B00690049,50.616100,4.319699,110029
B00690049,50.616285,4.319737,110030
B00690049,50.616415,4.319772,110031
B00690049,50.616633,4.319857,110032
B00690049,50.616844,4.319977,110033
B00690049,50.616844,4.319977,120001
B00690049,50.617471,4.320334,120002
B00690049,50.617827,4.320552,120003
B00690049,50.618166,4.320768,120004
B00690049,50.618671,4.321072,120005
B00690049,50.618759,4.321121,120006
B00690049,50.618953,4.321238,120007
B00690049,50.619087,4.321294,120008
B00690049,50.619179,4.321334,120009
B00690049,50.619461,4.321418,120010
B00690049,50.620001,4.321527,120011
B00690049,50.620054,4.321528,120012
B00690049,50.620254,4.321604,120013
B00690049,50.620505,4.321644,120014
B00690049,50.620706,4.321693,120015
B00690049,50.620711,4.321725,120016
B00690049,50.620719,4.321768,120017
B00690049,50.620746,4.321862,120018
B00690049,50.620793,4.321926,120019
B00690049,50.620806,4.321934,120020
B00690049,50.620847,4.321961,120021
B00690049,50.620888,4.321970,120022
B00690049,50.620941,4.321960,120023
B00690049,50.620993,4.321947,120024
B00690049,50.621019,4.321920,120025
B00690049,50.621034,4.321900,120026
B00690049,50.621052,4.321872,120027
B00690049,50.621067,4.321849,120028
B00690049,50.621081,4.321828,120029
B00690049,50.621097,4.321789,120030
B00690049,50.621243,4.321811,120031
B00690049,50.621570,4.321890,120032
B00690049,50.621657,4.321833,120033
B00690049,50.622726,4.322065,120034
B00690049,50.624982,4.322681,120035
B00690049,50.625144,4.322746,120036
B00690049,50.625216,4.322765,120037
B00690049,50.625216,4.322765,130001
B00690049,50.625589,4.322870,130002
B00690049,50.625601,4.322933,130003
B00690049,50.625621,4.323001,130004
B00690049,50.625643,4.323043,130005
B00690049,50.625653,4.323062,130006
B00690049,50.625704,4.323111,130007
B00690049,50.625733,4.323120,130008
B00690049,50.625791,4.323127,130009
B00690049,50.625837,4.323115,130010
B00690049,50.625879,4.323080,130011
B00690049,50.625894,4.323068,130012
B00690049,50.625903,4.323061,130013
B00690049,50.625921,4.323035,130014
B00690049,50.625926,4.323023,130015
B00690049,50.625935,4.323003,130016
B00690049,50.625951,4.322958,130017
B00690049,50.625967,4.322895,130018
B00690049,50.626084,4.322873,130019
B00690049,50.626356,4.322826,130020
B00690049,50.626487,4.322770,130021
B00690049,50.626886,4.322706,130022
B00690049,50.627290,4.322638,130023
B00690049,50.628055,4.322510,130024
B00690049,50.628410,4.322478,130025
B00690049,50.628607,4.322472,130026
B00690049,50.628738,4.322469,130027
B00690049,50.628889,4.322478,130028
B00690049,50.629113,4.322516,130029
B00690049,50.629322,4.322562,130030
B00690049,50.629567,4.322634,130031
B00690049,50.629670,4.322676,130032
B00690049,50.629670,4.322676,140001
B00690049,50.629732,4.322702,140002
B00690049,50.629860,4.322762,140003
B00690049,50.630507,4.323085,140004
B00690049,50.632052,4.323940,140005
B00690049,50.632295,4.324094,140006
B00690049,50.632428,4.324158,140007
B00690049,50.632521,4.324199,140008
B00690049,50.632703,4.324244,140009
B00690049,50.632846,4.324276,140010
B00690049,50.632890,4.324280,140011
B00690049,50.632964,4.324287,140012
B00690049,50.632994,4.324289,140013
B00690049,50.632994,4.324289,150001
B00690049,50.633105,4.324296,150002
B00690049,50.633406,4.324294,150003
B00690049,50.633596,4.324287,150004
B00690049,50.633655,4.324292,150005
B00690049,50.633722,4.324296,150006
B00690049,50.634913,4.324278,150007
B00690049,50.635007,4.324277,150008
B00690049,50.635101,4.324273,150009
B00690049,50.635160,4.324271,150010
B00690049,50.636081,4.324256,150011
B00690049,50.636273,4.324222,150012
B00690049,50.636427,4.324184,150013
B00690049,50.636604,4.324121,150014
B00690049,50.636784,4.324035,150015
B00690049,50.636947,4.323943,150016
B00690049,50.637085,4.323852,150017
B00690049,50.637183,4.323776,150018
B00690049,50.637314,4.323670,150019
B00690049,50.637415,4.323573,150020
B00690049,50.637522,4.323470,150021
B00690049,50.637589,4.323402,150022
B00690049,50.637712,4.323259,150023
B00690049,50.637745,4.323218,150024
B00690049,50.637865,4.323092,150025
B00690049,50.638027,4.322907,150026
B00690049,50.638448,4.322358,150027
B00690049,50.638912,4.321818,150028
B00690049,50.639057,4.321658,150029
B00690049,50.639353,4.321366,150030
B00690049,50.639545,4.321212,150031
B00690049,50.639979,4.320925,150032
B00690049,50.639979,4.320925,160001
B00690049,50.640473,4.320599,160002
B00690049,50.640601,4.320506,160003
B00690049,50.640799,4.320348,160004
B00690049,50.640918,4.320242,160005
B00690049,50.641256,4.319907,160006
B00690049,50.641426,4.319792,160007
B00690049,50.641776,4.319430,160008
B00690049,50.642278,4.318909,160009
B00690049,50.642357,4.318802,160010
B00690049,50.642457,4.318670,160011
B00690049,50.642591,4.318459,160012
B00690049,50.642730,4.318009,170003
B00690049,50.642773,4.318159,160013
B00690049,50.642773,4.318159,170004
B00690049,50.642784,4.317943,170002
B00690049,50.642864,4.318015,160014
B00690049,50.642864,4.318015,170005
B00690049,50.642907,4.317967,160015
B00690049,50.642907,4.317967,170006
B00690049,50.642927,4.317806,160022
B00690049,50.642927,4.317806,170001
B00690049,50.642947,4.317786,160021
B00690049,50.642986,4.317880,160016
B00690049,50.642986,4.317880,170007
B00690049,50.643032,4.317834,160017
B00690049,50.643032,4.317834,170008
B00690049,50.643078,4.317787,160018
B00690049,50.643078,4.317787,170009
B00690049,50.643146,4.317593,160020
B00690049,50.643197,4.317664,160019
B00690049,50.643197,4.317664,170010
B00690049,50.643425,4.317531,170011
B00690049,50.643550,4.317467,170012
B00690049,50.643642,4.317436,170013
B00690049,50.643710,4.317413,170014
B00690049,50.643753,4.317355,170015
B00690049,50.643971,4.317298,170016
B00690049,50.644023,4.317284,170017
B00690049,50.644205,4.317233,170018
B00690049,50.644544,4.317151,170019
B00690049,50.644824,4.317092,170020
B00690049,50.644880,4.317078,170021
B00690049,50.645025,4.317060,170022
B00690049,50.645075,4.317054,170023
B00690049,50.645075,4.317054,180001
B00690049,50.645591,4.316987,180002
B00690049,50.646029,4.316950,180003
B00690049,50.646484,4.316959,180004
B00690049,50.646848,4.316945,180005
B00690049,50.646921,4.316935,180006
B00690049,50.647209,4.316900,180007
B00690049,50.647484,4.316821,180008
B00690049,50.648432,4.316246,180009
B00690049,50.648888,4.315906,180010
B00690049,50.648956,4.315854,180011
B00690049,50.649292,4.315593,180012
B00690049,50.651037,4.314128,180013
B00690049,50.651275,4.313917,180014
B00690049,50.651629,4.313604,180015
B00690049,50.651950,4.313298,180016
B00690049,50.652466,4.312667,180017
B00690049,50.652628,4.312463,180018
B00690049,50.652792,4.312241,180019
B00690049,50.653216,4.311731,180020
B00690049,50.653643,4.311039,180021
B00690049,50.653997,4.310460,180022
B00690049,50.654283,4.310009,180023
B00690049,50.654483,4.309703,180024
B00690049,50.654894,4.309053,180025
B00690049,50.654921,4.309014,180026
B00690049,50.655089,4.308763,180027
B00690049,50.655371,4.308364,180028
B00690049,50.655489,4.308198,180029
B00690049,50.655527,4.308147,180030
B00690049,50.655716,4.307887,180031
B00690049,50.655926,4.307611,180032
B00690049,50.656997,4.306200,180033
B00690049,50.657476,4.305621,180034
B00690049,50.657476,4.305621,190001
B00690049,50.657602,4.305468,190002
B00690049,50.658165,4.304689,190003
B00690049,50.658426,4.304294,190004
B00690049,50.658598,4.304007,190005
B00690049,50.658646,4.303911,190006
B00690049,50.658808,4.303582,190007
B00690049,50.658985,4.303204,190008
B00690049,50.659027,4.303115,190009
B00690049,50.659198,4.302713,190010
B00690049,50.659520,4.301878,190011
B00690049,50.659636,4.301578,190012
B00690049,50.659724,4.301314,190013
B00690049,50.659772,4.301177,190014
B00690049,50.659923,4.300711,190015
B00690049,50.659956,4.300680,190016
B00690049,50.660048,4.300403,190017
B00690049,50.660123,4.300142,190018
B00690049,50.660147,4.300084,190019
B00690049,50.660175,4.300032,190020
B00690049,50.660210,4.299971,190021
B00690049,50.660247,4.299920,190022
B00690049,50.660314,4.299839,190023
B00690049,50.660339,4.299866,190024
B00690049,50.660377,4.299883,190025
B00690049,50.660419,4.299889,190026
B00690049,50.660451,4.299884,190027
B00690049,50.660499,4.299860,190028
B00690049,50.660529,4.299829,190029
B00690049,50.660573,4.299764,190030
B00690049,50.660592,4.299396,190037
B00690049,50.660594,4.299692,190031
B00690049,50.660601,4.299430,190036
B00690049,50.660604,4.299309,190038
B00690049,50.660606,4.299460,190035
B00690049,50.660606,4.299621,190032
B00690049,50.660609,4.299491,190034
B00690049,50.660609,4.299522,190033
B00690049,50.660613,4.299253,190039
B00690049,50.660622,4.299202,190040
B00690049,50.660633,4.299160,190041
B00690049,50.660648,4.299101,190042
B00690049,50.660733,4.298864,190043
B00690049,50.660825,4.298619,190044
B00690049,50.660825,4.298619,200001
B00690049,50.660949,4.298212,200003
B00690049,50.660951,4.298277,200002
B00690049,50.661095,4.297816,200004
B00690049,50.661524,4.296729,200005
B00690049,50.661574,4.296603,200006
B00690049,50.662935,4.293160,200007
B00690049,50.663122,4.292688,200008
B00690049,50.663511,4.291778,200009
B00690049,50.663708,4.291192,200010
B00690049,50.663719,4.291165,200011
B00690049,50.663820,4.290911,200012
B00690049,50.664000,4.290367,200013
B00690049,50.664025,4.290292,200014
B00690049,50.664025,4.290292,210001
B00690049,50.664181,4.289825,210002
B00690049,50.664526,4.288785,210003
B00690049,50.664992,4.287395,210004
B00690049,50.665258,4.286629,210005
B00690049,50.665695,4.285250,210006
B00690049,50.665744,4.285094,210007
B00690049,50.665857,4.284763,210008
B00690049,50.665994,4.284361,210009
B00690049,50.666077,4.284096,210010
B00690049,50.666077,4.284096,220001
B00690049,50.666159,4.283831,220002
B00690049,50.666333,4.283281,220003
B00690049,50.666378,4.283137,220004
B00690049,50.667141,4.280777,220005
B00690049,50.667343,4.280149,220006
B00690049,50.667436,4.279863,220007
B00690049,50.667665,4.279151,220008
B00690049,50.667787,4.278793,220009
B00690049,50.667848,4.278643,220010
B00690049,50.667930,4.278443,220011
B00690049,50.667987,4.278317,220012
B00690049,50.668067,4.278164,220013
B00690049,50.668146,4.278048,220014
B00690049,50.668181,4.277998,220015
B00690049,50.668281,4.277857,220016
B00690049,50.668418,4.277678,220017
B00690049,50.668492,4.277600,220018
B00690049,50.668585,4.277527,220019
B00690049,50.668667,4.277461,220020
B00690049,50.668750,4.277409,220021
B00690049,50.668768,4.277399,220022
B00690049,50.668912,4.277315,220023
B00690049,50.669093,4.277224,220024
B00690049,50.669299,4.277135,220025
B00690049,50.669401,4.277091,220026
B00690049,50.669588,4.277034,220027
B00690049,50.669588,4.277034,230001
B00690049,50.669771,4.276978,230002
B00690049,50.670349,4.276822,230003
B00690049,50.670380,4.276810,230004
B00690049,50.671874,4.276309,230005
B00690049,50.672461,4.276113,230006
B00690049,50.672932,4.275951,230007
B00690049,50.673060,4.275907,230008
B00690049,50.673119,4.275885,230009
B00690049,50.673397,4.275793,230010
B00690049,50.674841,4.275310,230011
B00690049,50.675004,4.275255,230012
B00690049,50.675004,4.275255,240001
B00690049,50.675203,4.275187,240002
B00690049,50.675457,4.275057,240003
B00690049,50.676276,4.274780,240004
B00690049,50.677278,4.274467,240005
B00690049,50.678789,4.274046,240006
B00690049,50.679207,4.273936,240007
B00690049,50.679293,4.273911,240008
B00690049,50.679293,4.273911,250001
B00690049,50.681050,4.273402,250002
B00690049,50.681218,4.273371,250003
B00690049,50.681531,4.273285,250004
B00690049,50.681832,4.273197,250005
B00690049,50.681960,4.273160,250006
B00690049,50.682159,4.273111,250007
B00690049,50.682310,4.273071,250008
B00690049,50.682589,4.273000,250009
B00690049,50.682797,4.272946,250010
B00690049,50.682959,4.272896,250011
B00690050,50.595300,4.328367,300004
B00690050,50.595326,4.328267,300003
B00690050,50.595361,4.328107,300002
B00690050,50.595384,4.327986,290030
B00690050,50.595384,4.327986,300001
B00690050,50.595397,4.327917,290029
B00690050,50.595416,4.327816,290028
B00690050,50.595450,4.328398,300005
B00690050,50.595460,4.327607,290027
B00690050,50.595575,4.327061,290026
B00690050,50.595668,4.326796,290025
B00690050,50.595892,4.326211,290024
B00690050,50.596060,4.325854,290023
B00690050,50.596225,4.328529,300006
B00690050,50.596226,4.325564,290022
B00690050,50.596304,4.325436,290021
B00690050,50.596380,4.328557,300007
B00690050,50.596440,4.325298,290020
B00690050,50.596523,4.325228,290019
B00690050,50.596558,4.328591,300008
B00690050,50.596592,4.325167,290018
B00690050,50.596837,4.323078,280029
B00690050,50.596837,4.323109,280030
B00690050,50.596839,4.323050,280028
B00690050,50.596844,4.323143,280031
B00690050,50.596849,4.323007,280027
B00690050,50.596858,4.323174,280032
B00690050,50.596859,4.322982,280026
B00690050,50.596874,4.322959,280025
B00690050,50.596875,4.323203,280033
B00690050,50.596880,4.324980,290017
B00690050,50.596891,4.322942,280024
B00690050,50.596897,4.323225,280034
B00690050,50.596916,4.322927,280023
B00690050,50.596928,4.323239,280035
B00690050,50.596944,4.322921,280022
B00690050,50.596952,4.323240,280036
B00690050,50.596969,4.323239,280037
B00690050,50.596974,4.322927,280021
B00690050,50.596984,4.323325,280038
B00690050,50.596995,4.323398,280039
B00690050,50.596996,4.322935,280020
B00690050,50.596999,4.324915,290016
B00690050,50.597020,4.323499,280040
B00690050,50.597038,4.323586,280041
B00690050,50.597091,4.324856,290015
B00690050,50.597097,4.323785,280042
B00690050,50.597116,4.322844,280019
B00690050,50.597140,4.323977,280043
B00690050,50.597140,4.323977,290001
B00690050,50.597146,4.319010,270007
B00690050,50.597155,4.319145,270008
B00690050,50.597177,4.319623,270009
B00690050,50.597186,4.324183,290002
B00690050,50.597195,4.319853,270010
B00690050,50.597195,4.324216,290003
B00690050,50.597213,4.320018,270011
B00690050,50.597222,4.322777,280018
B00690050,50.597222,4.324744,290012
B00690050,50.597223,4.324714,290011
B00690050,50.597224,4.324771,290013
B00690050,50.597227,4.324690,290010
B00690050,50.597228,4.324786,290014
B00690050,50.597230,4.324672,290009
B00690050,50.597238,4.324652,290008
B00690050,50.597243,4.320203,270012
B00690050,50.597243,4.320203,280001
B00690050,50.597251,4.324634,290007
B00690050,50.597252,4.320255,280002
B00690050,50.597266,4.324613,290006
B00690050,50.597277,4.328666,300009
B00690050,50.597288,4.324596,290005
B00690050,50.597303,4.324590,290004
B00690050,50.597311,4.318909,270006
B00690050,50.597353,4.318865,270005
B00690050,50.597355,4.328666,300010
B00690050,50.597366,4.320737,280003
B00690050,50.597374,4.322711,280017
B00690050,50.597458,4.328662,300011
B00690050,50.597589,4.328638,300012
B00690050,50.597598,4.322595,280016
B00690050,50.597604,4.322540,280015
B00690050,50.597611,4.322512,280014
B00690050,50.597622,4.322484,280013
B00690050,50.597639,4.318621,270004
B00690050,50.597645,4.322441,280012
B00690050,50.597661,4.322053,280004
B00690050,50.597666,4.322422,280011
B00690050,50.597695,4.322407,280010
B00690050,50.597707,4.322224,280005
B00690050,50.597710,4.322245,280006
B00690050,50.597715,4.322283,280007
B00690050,50.597716,4.328595,300013
B00690050,50.597719,4.322406,280009
B00690050,50.597720,4.322326,280008
B00690050,50.597879,4.328523,300014
B00690050,50.597961,4.328479,300015
B00690050,50.598101,4.318247,270003
B00690050,50.598150,4.328380,300016
B00690050,50.598321,4.328232,300017
B00690050,50.598425,4.328076,300018
B00690050,50.598662,4.327696,300019
B00690050,50.598738,4.327597,300020
B00690050,50.598802,4.327527,300021
B00690050,50.598805,4.327532,310001
B00690050,50.598869,4.317605,270002
B00690050,50.598877,4.327452,310002
B00690050,50.598952,4.327391,310003
B00690050,50.599045,4.327348,310004
B00690050,50.599170,4.327289,310005
B00690050,50.599196,4.327498,310006
B00690050,50.599201,4.327596,310007
B00690050,50.599234,4.327967,310008
B00690050,50.599251,4.328120,310009
B00690050,50.599275,4.328333,310010
B00690050,50.599342,4.317228,260020
B00690050,50.599342,4.317228,270001
B00690050,50.599356,4.317216,260019
B00690050,50.599370,4.329273,310011
B00690050,50.599415,4.334351,310024
B00690050,50.599416,4.334231,310023
B00690050,50.599420,4.334471,310025
B00690050,50.599425,4.329703,310012
B00690050,50.599430,4.333888,310022
B00690050,50.599432,4.334556,310026
B00690050,50.599438,4.333252,310021
B00690050,50.599447,4.332983,310020
B00690050,50.599455,4.329917,310013
B00690050,50.599457,4.332714,310019
B00690050,50.599458,4.334615,310027
B00690050,50.599473,4.334641,310028
B00690050,50.599488,4.332060,310018
B00690050,50.599489,4.334666,310029
B00690050,50.599519,4.331258,310017
B00690050,50.599520,4.317106,260018
B00690050,50.599523,4.334699,310030
B00690050,50.599531,4.330655,310014
B00690050,50.599538,4.330766,310015
B00690050,50.599546,4.330898,310016
B00690050,50.599596,4.334742,310031
B00690050,50.599646,4.317037,260017
B00690050,50.599685,4.334758,310032
B00690050,50.599749,4.334752,310033
B00690050,50.599796,4.334728,310034
B00690050,50.599798,4.316994,260016
B00690050,50.599844,4.334687,310035
B00690050,50.599903,4.316988,260015
B00690050,50.599916,4.334583,310036
B00690050,50.599951,4.334519,310037
B00690050,50.600023,4.334501,310038
B00690050,50.600029,4.316997,260014
B00690050,50.600152,4.334536,310039
B00690050,50.600166,4.317002,260013
B00690050,50.600335,4.334568,310040
B00690050,50.600380,4.334581,310041
B00690050,50.600385,4.317053,260012
B00690050,50.600885,4.317209,260011
B00690050,50.601061,4.317248,260010
B00690050,50.601242,4.317279,260009
B00690050,50.601393,4.317289,260008
B00690050,50.601542,4.317276,260007
B00690050,50.601683,4.317255,260006
B00690050,50.601743,4.317169,260005
B00690050,50.602195,4.317047,260004
B00690050,50.602297,4.317020,260003
B00690050,50.602355,4.317001,260002
B00690050,50.602572,4.316937,250017
B00690050,50.602572,4.316937,260001
B00690050,50.602698,4.316901,250016
B00690050,50.602773,4.316941,250015
B00690050,50.603605,4.316734,250014
B00690050,50.603738,4.316712,250013
B00690050,50.603832,4.316726,250012
B00690050,50.603864,4.316742,250011
B00690050,50.603977,4.316816,250010
B00690050,50.604507,4.317139,250009
B00690050,50.604636,4.317212,250008
B00690050,50.605390,4.317685,250007
B00690050,50.605462,4.317738,250006
B00690050,50.605563,4.317821,250005
B00690050,50.605686,4.317960,250004
B00690050,50.606094,4.318428,250003
B00690050,50.606462,4.318864,250002
B00690050,50.606577,4.319001,240006
B00690050,50.606577,4.319001,250001
B00690050,50.607710,4.320356,240005
B00690050,50.607795,4.320394,240004
B00690050,50.607962,4.320605,240003
B00690050,50.608082,4.320718,240002
B00690050,50.608110,4.320735,230020
B00690050,50.608110,4.320735,240001
B00690050,50.608142,4.320754,230019
B00690050,50.608200,4.320777,230018
B00690050,50.608260,4.320801,230017
B00690050,50.608340,4.320829,230016
B00690050,50.608473,4.320877,230015
B00690050,50.608631,4.320891,230014
B00690050,50.608905,4.320920,230013
B00690050,50.608947,4.320958,230012
B00690050,50.609294,4.320961,230011
B00690050,50.610844,4.320907,230010
B00690050,50.611169,4.320888,230009
B00690050,50.611409,4.320885,230008
B00690050,50.611671,4.320894,230007
B00690050,50.611876,4.320912,230006
B00690050,50.612030,4.320933,230005
B00690050,50.612173,4.320951,230004
B00690050,50.612601,4.320956,230003
B00690050,50.612622,4.320931,230002
B00690050,50.612647,4.320928,220031
B00690050,50.612647,4.320928,230001
B00690050,50.612660,4.320926,220030
B00690050,50.613040,4.320940,220029
B00690050,50.613051,4.320910,220028
B00690050,50.613068,4.320877,220027
B00690050,50.613092,4.320850,220026
B00690050,50.613119,4.320833,220025
B00690050,50.613148,4.320827,220024
B00690050,50.613177,4.320833,220023
B00690050,50.613204,4.320850,220022
B00690050,50.613218,4.320865,220021
B00690050,50.613229,4.320879,220020
B00690050,50.613662,4.320713,220019
B00690050,50.613698,4.320728,220018
B00690050,50.613783,4.320684,220017
B00690050,50.613818,4.320665,220016
B00690050,50.614014,4.320563,220015
B00690050,50.614272,4.320398,220014
B00690050,50.614561,4.320201,220013
B00690050,50.614716,4.320091,220012
B00690050,50.615041,4.319904,220011
B00690050,50.615169,4.319851,220010
B00690050,50.615380,4.319759,220009
B00690050,50.615624,4.319717,220008
B00690050,50.615758,4.319698,220007
B00690050,50.615896,4.319695,220006
B00690050,50.616100,4.319699,220005
B00690050,50.616285,4.319737,220004
B00690050,50.616415,4.319772,220003
B00690050,50.616633,4.319857,220002
B00690050,50.616836,4.319973,210042
B00690050,50.616836,4.319973,220001
B00690050,50.617471,4.320334,210041
B00690050,50.617827,4.320552,210040
B00690050,50.618166,4.320768,210039
B00690050,50.618671,4.321072,210038
B00690050,50.618759,4.321121,210037
B00690050,50.618953,4.321238,210036
B00690050,50.619087,4.321294,210035
B00690050,50.619179,4.321334,210034
B00690050,50.619461,4.321418,210033
B00690050,50.620001,4.321527,210032
B00690050,50.620054,4.321528,210031
B00690050,50.620254,4.321519,210030
B00690050,50.620334,4.321532,210029
B00690050,50.620432,4.321539,210028
B00690050,50.620482,4.321545,210027
B00690050,50.620494,4.321546,210026
B00690050,50.620574,4.321543,210025
B00690050,50.620654,4.321526,210024
B00690050,50.620736,4.321498,210023
B00690050,50.620801,4.321416,210022
B00690050,50.620817,4.321399,210021
B00690050,50.620849,4.321376,210020
B00690050,50.620864,4.321366,210019
B00690050,50.620887,4.321359,210018
B00690050,50.620907,4.321356,210017
B00690050,50.620937,4.321359,210016
B00690050,50.620985,4.321377,210015
B00690050,50.621024,4.321406,210014
B00690050,50.621048,4.321435,210013
B00690050,50.621073,4.321473,210012
B00690050,50.621094,4.321509,210011
B00690050,50.621109,4.321551,210010
B00690050,50.621118,4.321589,210009
B00690050,50.621263,4.321656,210008
B00690050,50.621421,4.321701,210007
B00690050,50.621575,4.321734,210006
B00690050,50.621657,4.321833,210005
B00690050,50.622726,4.322065,210004
B00690050,50.624982,4.322681,210003
B00690050,50.625154,4.322683,210002
B00690050,50.625217,4.322693,200029
B00690050,50.625217,4.322693,210001
B00690050,50.625608,4.322756,200028
B00690050,50.625626,4.322689,200027
B00690050,50.625654,4.322632,200026
B00690050,50.625683,4.322598,200025
B00690050,50.625714,4.322571,200024
B00690050,50.625740,4.322558,200023
B00690050,50.625770,4.322551,200022
B00690050,50.625796,4.322553,200021
B00690050,50.625813,4.322557,200020
B00690050,50.625841,4.322570,200019
B00690050,50.625875,4.322598,200018
B00690050,50.625898,4.322623,200017
B00690050,50.625929,4.322670,200016
B00690050,50.625949,4.322718,200015
B00690050,50.625972,4.322783,200014
B00690050,50.626365,4.322750,200013
B00690050,50.626487,4.322770,200012
B00690050,50.626886,4.322706,200011
B00690050,50.627290,4.322638,200010
B00690050,50.628055,4.322510,200009
B00690050,50.628410,4.322478,200008
B00690050,50.628607,4.322472,200007
B00690050,50.628738,4.322469,200006
B00690050,50.628889,4.322478,200005
B00690050,50.629113,4.322516,200004
B00690050,50.629322,4.322562,200003
B00690050,50.629567,4.322634,200002
B00690050,50.629673,4.322678,190018
B00690050,50.629673,4.322678,200001
B00690050,50.629732,4.322702,190017
B00690050,50.629860,4.322762,190016
B00690050,50.630507,4.323085,190015
B00690050,50.632052,4.323940,190014
B00690050,50.632295,4.324094,190013
B00690050,50.632428,4.324158,190012
B00690050,50.632521,4.324199,190011
B00690050,50.632703,4.324244,190010
B00690050,50.632846,4.324276,190009
B00690050,50.632890,4.324280,190008
B00690050,50.632964,4.324287,190007
B00690050,50.633105,4.324296,190006
B00690050,50.633406,4.324294,190005
B00690050,50.633596,4.324287,190004
B00690050,50.633655,4.324292,190003
B00690050,50.633722,4.324296,190002
B00690050,50.634856,4.324280,180027
B00690050,50.634856,4.324280,190001
B00690050,50.634913,4.324278,180026
B00690050,50.635007,4.324277,180025
B00690050,50.635101,4.324273,180024
B00690050,50.635160,4.324271,180023
B00690050,50.636081,4.324256,180022
B00690050,50.636273,4.324222,180021
B00690050,50.636427,4.324184,180020
B00690050,50.636604,4.324121,180019
B00690050,50.636784,4.324035,180018
B00690050,50.636947,4.323943,180017
B00690050,50.637085,4.323852,180016
B00690050,50.637183,4.323776,180015
B00690050,50.637314,4.323670,180014
B00690050,50.637415,4.323573,180013
B00690050,50.637522,4.323470,180012
B00690050,50.637589,4.323402,180011
B00690050,50.637712,4.323259,180010
B00690050,50.637745,4.323218,180009
B00690050,50.637865,4.323092,180008
B00690050,50.638027,4.322907,180007
B00690050,50.638448,4.322358,180006
B00690050,50.638912,4.321818,180005
B00690050,50.639057,4.321658,180004
B00690050,50.639353,4.321366,180003
B00690050,50.639545,4.321212,180002
B00690050,50.639796,4.321046,170016
B00690050,50.639796,4.321046,180001
B00690050,50.640473,4.320599,170015
B00690050,50.640601,4.320506,170014
B00690050,50.640799,4.320348,170013
B00690050,50.640918,4.320242,170012
B00690050,50.641256,4.319907,170011
B00690050,50.641368,4.319699,170010
B00690050,50.642220,4.318827,170009
B00690050,50.642317,4.318710,170008
B00690050,50.642414,4.318567,170007
B00690050,50.642516,4.318398,170006
B00690050,50.642598,4.318261,170005
B00690050,50.642679,4.318123,170004
B00690050,50.642730,4.318009,170003
B00690050,50.642784,4.317943,170002
B00690050,50.642927,4.317806,160016
B00690050,50.642927,4.317806,170001
B00690050,50.642947,4.317786,160015
B00690050,50.643146,4.317593,160014
B00690050,50.643326,4.317467,160013
B00690050,50.643423,4.317422,160012
B00690050,50.643621,4.317343,160011
B00690050,50.643697,4.317317,160010
B00690050,50.643753,4.317355,160009
B00690050,50.643971,4.317298,160008
B00690050,50.644023,4.317284,160007
B00690050,50.644205,4.317233,160006
B00690050,50.644544,4.317151,160005
B00690050,50.644824,4.317092,160004
B00690050,50.644880,4.317078,160003
B00690050,50.645025,4.317060,160002
B00690050,50.645050,4.317057,150035
B00690050,50.645050,4.317057,160001
B00690050,50.645591,4.316987,150034
B00690050,50.646029,4.316950,150033
B00690050,50.646484,4.316959,150032
B00690050,50.646848,4.316945,150031
B00690050,50.646921,4.316935,150030
B00690050,50.647209,4.316900,150029
B00690050,50.647484,4.316821,150028
B00690050,50.648432,4.316246,150027
B00690050,50.648888,4.315906,150026
B00690050,50.648956,4.315854,150025
B00690050,50.649292,4.315593,150024
B00690050,50.651037,4.314128,150023
B00690050,50.651275,4.313917,150022
B00690050,50.651629,4.313604,150021
B00690050,50.651950,4.313298,150020
B00690050,50.652466,4.312667,150019
B00690050,50.652628,4.312463,150018
B00690050,50.652792,4.312241,150017
B00690050,50.653216,4.311731,150016
B00690050,50.653643,4.311039,150015
B00690050,50.653997,4.310460,150014
B00690050,50.654283,4.310009,150013
B00690050,50.654483,4.309703,150012
B00690050,50.654894,4.309053,150011
B00690050,50.654921,4.309014,150010
B00690050,50.655089,4.308763,150009
B00690050,50.655371,4.308364,150008
B00690050,50.655489,4.308198,150007
B00690050,50.655527,4.308147,150006
B00690050,50.655716,4.307887,150005
B00690050,50.655926,4.307611,150004
B00690050,50.656997,4.306200,150003
B00690050,50.657476,4.305621,10001
B00690050,50.657602,4.305468,10002
B00690050,50.657602,4.305468,150002
B00690050,50.657867,4.305101,140036
B00690050,50.657867,4.305101,150001
B00690050,50.658165,4.304689,10003
B00690050,50.658165,4.304689,140035
B00690050,50.658426,4.304294,10004
B00690050,50.658426,4.304294,140034
B00690050,50.658598,4.304007,10005
B00690050,50.658598,4.304007,140033
B00690050,50.658646,4.303911,10006
B00690050,50.658646,4.303911,140032
B00690050,50.658808,4.303582,10007
B00690050,50.658808,4.303582,140031
B00690050,50.658985,4.303204,10008
B00690050,50.658985,4.303204,140030
B00690050,50.659027,4.303115,10009
B00690050,50.659027,4.303115,140029
B00690050,50.659198,4.302713,10010
B00690050,50.659198,4.302713,140028
B00690050,50.659520,4.301878,10011
B00690050,50.659520,4.301878,140027
B00690050,50.659636,4.301578,10012
B00690050,50.659636,4.301578,140026
B00690050,50.659724,4.301314,10013
B00690050,50.659724,4.301314,140025
B00690050,50.659772,4.301177,10014
B00690050,50.659772,4.301177,140024
B00690050,50.659922,4.300666,140022
B00690050,50.659923,4.300711,10015
B00690050,50.659923,4.300711,140023
B00690050,50.659956,4.300680,10016
B00690050,50.660004,4.300372,140021
B00690050,50.660048,4.300403,10017
B00690050,50.660119,4.299970,140020
B00690050,50.660123,4.300142,10018
B00690050,50.660147,4.300084,10019
B00690050,50.660168,4.299790,140019
B00690050,50.660175,4.300032,10020
B00690050,50.660210,4.299971,10021
B00690050,50.660214,4.299586,140016
B00690050,50.660217,4.299545,140015
B00690050,50.660217,4.299623,140017
B00690050,50.660218,4.299665,140018
B00690050,50.660221,4.299493,140014
B00690050,50.660234,4.299442,140013
B00690050,50.660247,4.299920,10022
B00690050,50.660253,4.299391,140012
B00690050,50.660272,4.299356,140011
B00690050,50.660294,4.299329,140010
B00690050,50.660314,4.299839,10023
B00690050,50.660320,4.299298,140009
B00690050,50.660339,4.299866,10024
B00690050,50.660352,4.299276,140008
B00690050,50.660377,4.299883,10025
B00690050,50.660384,4.299261,140007
B00690050,50.660419,4.299889,10026
B00690050,50.660422,4.299251,140006
B00690050,50.660439,4.299251,140005
B00690050,50.660451,4.299884,10027
B00690050,50.660454,4.299252,140004
B00690050,50.660467,4.299256,140003
B00690050,50.660478,4.299262,140002
B00690050,50.660499,4.299860,10028
B00690050,50.660529,4.299829,10029
B00690050,50.660570,4.299079,130017
B00690050,50.660570,4.299079,140001
B00690050,50.660573,4.299764,10030
B00690050,50.660589,4.299041,130016
B00690050,50.660592,4.299396,10037
B00690050,50.660594,4.299692,10031
B00690050,50.660601,4.299430,10036
B00690050,50.660604,4.299309,10038
B00690050,50.660606,4.299460,10035
B00690050,50.660606,4.299621,10032
B00690050,50.660609,4.299491,10034
B00690050,50.660609,4.299522,10033
B00690050,50.660613,4.299253,10039
B00690050,50.660622,4.299202,10040
B00690050,50.660633,4.299160,10041
B00690050,50.660648,4.299101,10042
B00690050,50.660678,4.298812,130015
B00690050,50.660729,4.298680,130014
B00690050,50.660733,4.298864,10043
B00690050,50.660753,4.298880,10044
B00690050,50.660769,4.298891,10045
B00690050,50.660794,4.298907,10046
B00690050,50.660828,4.298928,10047
B00690050,50.660902,4.298970,10048
B00690050,50.660916,4.298228,130013
B00690050,50.660943,4.298994,10049
B00690050,50.660949,4.298212,130012
B00690050,50.661095,4.297816,130011
B00690050,50.661199,4.299142,10050
B00690050,50.661524,4.296729,130010
B00690050,50.661574,4.296603,130009
B00690050,50.661994,4.299616,10051
B00690050,50.662502,4.299948,10052
B00690050,50.662785,4.300123,10053
B00690050,50.662935,4.293160,130008
B00690050,50.663042,4.300364,10054
B00690050,50.663122,4.292688,130007
B00690050,50.663222,4.300538,10055
B00690050,50.663511,4.291778,130006
B00690050,50.663670,4.300956,10056
B00690050,50.663708,4.291192,130005
B00690050,50.663719,4.291165,130004
B00690050,50.663820,4.290911,130003
B00690050,50.664000,4.290367,130002
B00690050,50.664048,4.290226,120011
B00690050,50.664048,4.290226,130001
B00690050,50.664181,4.289825,120010
B00690050,50.664353,4.301722,10057
B00690050,50.664526,4.288785,120009
B00690050,50.664932,4.302342,10058
B00690050,50.664992,4.287395,120008
B00690050,50.665258,4.286629,120007
B00690050,50.665695,4.285250,120006
B00690050,50.665744,4.285094,120005
B00690050,50.665857,4.284763,120004
B00690050,50.665994,4.284361,120003
B00690050,50.666159,4.283831,120002
B00690050,50.666237,4.283585,110027
B00690050,50.666237,4.283585,120001
B00690050,50.666266,4.303851,10059
B00690050,50.666333,4.283281,110026
B00690050,50.666378,4.283137,110025
B00690050,50.666439,4.304027,10060
B00690050,50.666526,4.304115,10061
B00690050,50.666536,4.304126,10062
B00690050,50.666634,4.304208,10063
B00690050,50.666769,4.304265,10064
B00690050,50.666918,4.304281,10065
B00690050,50.667141,4.280777,110024
B00690050,50.667192,4.304271,10066
B00690050,50.667343,4.280149,110023
B00690050,50.667436,4.279863,110022
B00690050,50.667439,4.304247,10067
B00690050,50.667464,4.304247,10068
B00690050,50.667665,4.279151,110021
B00690050,50.667787,4.278793,110020
B00690050,50.667848,4.278643,110019
B00690050,50.667855,4.304230,10069
B00690050,50.667930,4.278443,110018
B00690051,50.667930,4.278443,290018
B02030017,50.667529,4.378118,60080
B02030018,50.667529,4.378118,60080
B06010016,50.667839,4.624904,140059
B06020014,50.667930,4.278443,70027
B06020016,50.667930,4.278443,40031
B06090015,50.667930,4.278443,70027
B06090016,50.667930,4.278443,30031
H44830052,50.667589,3.443637,130011
H44830058,50.667589,3.443637,230009
H44830059,50.667589,3.443637,130011
H44830060,50.667589,3.443637,140011
H44830061,50.667589,3.443637,130011
H44830062,50.667589,3.443637,160009
H47420031,50.667589,3.443637,30241
H47420032,50.667589,3.443637,40190
H47420033,50.667589,3.443637,160190
H47420034,50.667589,3.443637,30241
L00120138,50.667529,5.467821,40025
L00120138,50.667531,5.467912,40026
L00120138,50.667588,5.475668,60011
L00120138,50.667615,5.475591,60010
L00120138,50.667633,5.471325,50008
L00120138,50.667665,5.463917,30005
L00120138,50.667700,5.472453,50009
L00120138,50.667700,5.472453,60001
L00120138,50.667710,5.472623,60002
L00120138,50.667716,5.475284,60009
L00120138,50.667725,5.472871,60003
L00120138,50.667746,5.473267,60004
L00120138,50.667768,5.473665,60005
L00120138,50.667795,5.475020,60008
L00120138,50.667811,5.474460,60006
L00840118,50.667529,5.467821,450025
L00840120,50.667529,5.467821,200003
L00840121,50.667529,5.467821,80025
L00840122,50.667529,5.467821,200003
L00840123,50.667529,5.467821,10025
L01450213,50.667589,5.210708,110019
L01450214,50.667589,5.210708,50020
L01450215,50.667589,5.210708,280020
L01450218,50.667589,5.210708,440020
L01450220,50.667589,5.210708,180020
L01450222,50.667589,5.210708,100019
L01450223,50.667589,5.210708,110019
L01450224,50.667589,5.210708,440020
L01450226,50.667589,5.210708,100019
L01450228,50.667589,5.210708,440020
L01450230,50.667589,5.210708,100019
L01450232,50.667589,5.210708,100019
L01450234,50.667589,5.210708,450020
L01450238,50.667589,5.210708,110019
L02830178,50.667589,5.210708,100019
L02830180,50.667589,5.210708,280020
L02830189,50.667589,5.210708,180020
L07150053,50.667839,6.001896,70028
L07150054,50.667839,6.001896,150018

